8
(0,0)-(0,1)-(1,1) add 9
(1,0)-(2,0)-(2,1) add 13
(3,0)-(3,1)-(4,1) mult 120
(4,0)-(5,0) sub 5
(6,0)-(7,0) add 15
(0,2)-(0,3) mult 42
(1,2)-(2,2) sub 6
(0,4)-(1,4)-(1,3)-(2,3) mult 144
(3,2)-(3,3) add 7
(4,2)-(4,3)-(5,2)-(5,3) mult 576
(6,2) ? 5
(7,1)-(7,2) sub 3
(5,1)-(6,1) sub 1
(7,3) ? 1
(6,3)-(6,4) div 4
(0,5)-(1,5) sub 1
(0,6)-(0,7) add 8
(2,4)-(2,5) sub 2
(1,6)-(2,6) sub 5
(1,7)-(2,7) sub 7
(3,4)-(4,4)-(5,4) add 12
(3,5)-(3,6) sub 1
(3,7)-(4,7) add 11
(5,7)-(6,7)-(7,7) mult 60
(4,6)-(5,6)-(6,6) add 13
(4,5)-(5,5) mult 6
(6,5)-(7,4)-(7,5)-(7,6) mult 90